[266, 677, 443, 637, 624, 917]
[145, 711, 203, 378, 160, 952, 220, 516, 463, 735, 825, 440, 667, 905, 437, 318, 54, 222, 938, 762, 364, 387, 606, 777, 835, 746, 138, 789, 184, 296, 557, 492, 263, 210, 105, 62, 608, 585, 408, 284, 390, 561, 659, 595, 536, 759, 878, 107, 671, 204, 591, 968, 424, 670, 665, 724, 202, 767, 337, 824, 467, 416, 194, 19, 485, 120, 90, 197, 252, 723, 521, 402, 143, 431, 526, 482, 91, 808, 214, 17, 610, 795, 348, 295, 205, 95, 520, 895, 439, 354, 13, 668, 380, 871, 853, 630, 231, 775, 442, 720, 921, 399, 578, 586, 136, 679, 564, 657, 146, 640]
[619, 324, 823, 37, 94, 645, 59, 188, 732, 306, 454, 297, 39, 51, 544, 894, 309, 87, 57, 850, 429, 96, 163, 507, 754, 82, 580, 451, 867, 418, 193, 569, 697, 525, 81, 693, 453, 794, 206, 216, 965]
[848, 99, 27, 923, 166, 299, 362, 764, 61, 7, 116, 291, 540, 117, 129, 955, 3, 237, 469, 319, 969, 86, 110, 925, 603, 989, 74, 149, 963, 636, 104, 31, 703, 142, 47, 702, 560, 880, 874, 277, 680, 199, 233, 602, 88, 787, 543, 531, 176, 970, 152, 45, 370, 413, 802, 868, 215, 367, 280, 660, 903, 512, 827, 382, 625, 84, 208, 981, 335, 114, 529, 384, 127, 328, 349, 167, 997, 705, 182, 729, 159, 464, 828, 550, 973, 676, 251]
[221, 842, 279, 554, 173, 475, 140, 656, 892, 73, 224, 621, 558, 381, 12, 282, 740, 934, 854, 906, 456, 647, 993, 837, 268, 866, 950, 890, 743, 583, 996, 144, 444, 840, 391, 833, 930, 298, 891, 147, 708, 241, 644, 992, 899, 293, 11, 339, 213, 893, 757, 457, 927, 641, 788, 575, 301, 281, 245, 797, 52, 753, 313, 791, 954, 568, 189, 50, 345, 838, 713, 841, 118, 71, 780, 782, 750, 474, 922, 946, 342, 642, 674, 806, 752, 500, 170, 869, 886, 502, 889, 710, 495, 242, 650, 153, 726, 351, 36, 733, 552, 55, 493, 20, 300, 534, 53, 944, 573, 832, 816, 804, 419, 490, 77, 477, 357, 684, 42, 504, 40, 10, 646, 330, 785, 191, 779, 108, 901, 790, 662, 83, 948, 292, 818, 551, 664, 581, 694, 771, 246, 169, 588, 834, 161, 776, 65, 508, 589, 4, 34, 582, 994, 441, 126, 975, 774, 883, 796, 682, 936, 436, 908, 177, 510, 410, 571, 75, 772, 363, 389, 765, 885, 394, 494, 858, 633, 109, 103, 725, 599, 491, 855, 232, 559, 751, 447, 288, 72, 101, 681, 376, 236, 760, 570, 639, 219, 773, 340]
[499, 506, 366, 745]
[229, 150, 810, 133, 226, 401, 920, 179, 821, 41, 607, 584, 327, 172, 433, 974, 488, 609, 626, 417, 257, 112, 478, 162, 849, 862, 428, 651, 672, 846, 240, 48, 272, 412, 601, 303, 270, 768, 801, 939, 793, 435, 747, 566, 111, 158, 692, 634, 714, 669, 305, 483, 830, 836, 481, 290, 289, 352, 541, 758, 316, 898, 574, 876, 958, 16, 884, 287, 799, 190, 343, 971, 870, 341, 690, 356, 820, 875, 21, 312, 496, 360, 317, 812, 518, 58, 175, 951, 731, 784, 373, 248, 29, 115]
[515, 24]
[538, 455, 66, 253, 945, 459, 632, 302, 425, 627, 988, 990, 125, 480, 131, 113, 100, 28, 522, 655]
[93, 207, 256, 839, 332, 689, 709, 338, 755, 822, 513, 331, 982, 414]
[761, 907, 666, 307, 829, 409, 139, 530, 831, 466, 181]
[653, 377, 957, 6, 388, 600, 452, 135, 64, 70, 398, 164, 563, 60, 326, 943, 587, 972, 322, 123, 223, 497, 597, 942, 137, 579, 448, 803, 80, 809, 688, 648, 613, 271, 329, 592, 685, 737, 979, 622, 631, 851]
[912, 498, 404, 265, 274, 615, 79, 68, 813, 503, 611, 916, 691, 372, 195, 964, 712, 395, 148, 882, 770, 953, 962, 154, 616, 593, 385, 320, 264, 471, 501, 26, 698, 527, 805, 379, 311, 940, 43, 749, 687, 445, 537, 85, 56, 386, 458, 275, 411, 961, 730, 359, 792, 707, 658, 371, 865, 728]
[902, 432, 212, 168, 102]
[1, 476, 225, 807, 192, 426, 438, 815]
[196, 654, 358, 38, 461, 877, 69]
[180, 238]
